-20.000 0.000E+00  0.000E+00
-19.900 0.000E+00  0.000E+00
-19.800 0.000E+00  0.000E+00
-19.700 0.000E+00  0.000E+00
-19.600 0.000E+00  0.000E+00
-19.500 0.000E+00  0.000E+00
-19.400 0.000E+00  0.000E+00
-19.300 0.000E+00  0.000E+00
-19.200 0.000E+00  0.000E+00
-19.100 0.000E+00  0.000E+00
-19.000 0.000E+00  0.000E+00
-18.900 0.000E+00  0.000E+00
-18.800 0.000E+00  0.000E+00
-18.700 0.000E+00  0.000E+00
-18.600 0.000E+00  0.000E+00
-18.500 0.000E+00  0.000E+00
-18.400 0.000E+00  0.000E+00
-18.300 0.000E+00  0.000E+00
-18.200 0.000E+00  0.000E+00
-18.100 0.000E+00  0.000E+00
-18.000 0.000E+00  0.000E+00
-17.900 0.000E+00  0.000E+00
-17.800 0.000E+00  0.000E+00
-17.700 0.000E+00  0.000E+00
-17.600 0.000E+00  0.000E+00
-17.500 0.000E+00  0.000E+00
-17.400 0.000E+00  0.000E+00
-17.300 0.000E+00  0.000E+00
-17.200 0.000E+00  0.000E+00
-17.100 0.000E+00  0.000E+00
-17.000 0.000E+00  0.000E+00
-16.900 0.000E+00  0.000E+00
-16.800 0.000E+00  0.000E+00
-16.700 0.000E+00  0.000E+00
-16.600 0.000E+00  0.000E+00
-16.500 0.000E+00  0.000E+00
-16.400 0.000E+00  0.000E+00
-16.300 0.000E+00  0.000E+00
-16.200 0.000E+00  0.000E+00
-16.100 0.000E+00  0.000E+00
-16.000 0.000E+00  0.000E+00
-15.900 0.000E+00  0.000E+00
-15.800 0.000E+00  0.000E+00
-15.700 0.000E+00  0.000E+00
-15.600 0.000E+00  0.000E+00
-15.500 0.000E+00  0.000E+00
-15.400 0.000E+00  0.000E+00
-15.300 0.000E+00  0.000E+00
-15.200 0.000E+00  0.000E+00
-15.100 0.000E+00  0.000E+00
-15.000 0.000E+00  0.000E+00
-14.900 0.000E+00  0.000E+00
-14.800 0.000E+00  0.000E+00
-14.700 0.000E+00  0.000E+00
-14.600 0.000E+00  0.000E+00
-14.500 0.000E+00  0.000E+00
-14.400 0.000E+00  0.000E+00
-14.300 0.000E+00  0.000E+00
-14.200 0.000E+00  0.000E+00
-14.100 0.000E+00  0.000E+00
-14.000 0.000E+00  0.000E+00
-13.900 0.000E+00  0.000E+00
-13.800 0.000E+00  0.000E+00
-13.700 0.000E+00  0.000E+00
-13.600 0.000E+00  0.000E+00
-13.500 0.000E+00  0.000E+00
-13.400 0.000E+00  0.000E+00
-13.300 0.000E+00  0.000E+00
-13.200 0.000E+00  0.000E+00
-13.100 0.000E+00  0.000E+00
-13.000 0.000E+00  0.000E+00
-12.900 0.000E+00  0.000E+00
-12.800 0.000E+00  0.000E+00
-12.700 0.000E+00  0.000E+00
-12.600 0.000E+00  0.000E+00
-12.500 0.000E+00  0.000E+00
-12.400 0.000E+00  0.000E+00
-12.300 0.000E+00  0.000E+00
-12.200 0.000E+00  0.000E+00
-12.100 0.000E+00  0.000E+00
-12.000 0.171E+00 -0.162E+00
-11.900 0.625E-01 -0.542E-01
-11.800 0.000E+00  0.000E+00
-11.700 0.000E+00  0.000E+00
-11.600 0.000E+00  0.000E+00
-11.500 0.000E+00  0.000E+00
-11.400 0.000E+00  0.000E+00
-11.300 0.000E+00  0.000E+00
-11.200 0.000E+00  0.000E+00
-11.100 0.000E+00  0.000E+00
-11.000 0.000E+00  0.000E+00
-10.900 0.000E+00  0.000E+00
-10.800 0.000E+00  0.000E+00
-10.700 0.000E+00  0.000E+00
-10.600 0.000E+00  0.000E+00
-10.500 0.000E+00  0.000E+00
-10.400 0.000E+00  0.000E+00
-10.300 0.000E+00  0.000E+00
-10.200 0.000E+00  0.000E+00
-10.100 0.000E+00  0.000E+00
-10.000 0.000E+00  0.000E+00
 -9.900 0.000E+00  0.000E+00
 -9.800 0.000E+00  0.000E+00
 -9.700 0.000E+00  0.000E+00
 -9.600 0.000E+00  0.000E+00
 -9.500 0.000E+00  0.000E+00
 -9.400 0.000E+00  0.000E+00
 -9.300 0.000E+00  0.000E+00
 -9.200 0.000E+00  0.000E+00
 -9.100 0.000E+00  0.000E+00
 -9.000 0.000E+00  0.000E+00
 -8.900 0.000E+00  0.000E+00
 -8.800 0.000E+00  0.000E+00
 -8.700 0.000E+00  0.000E+00
 -8.600 0.000E+00  0.000E+00
 -8.500 0.000E+00  0.000E+00
 -8.400 0.000E+00  0.000E+00
 -8.300 0.000E+00  0.000E+00
 -8.200 0.833E-01 -0.794E-01
 -8.100 0.153E+00 -0.146E+00
 -8.000 0.199E+00 -0.190E+00
 -7.900 0.251E+00 -0.239E+00
 -7.800 0.301E+00 -0.286E+00
 -7.700 0.367E+00 -0.348E+00
 -7.600 0.493E+00 -0.467E+00
 -7.500 0.562E+00 -0.523E+00
 -7.400 0.154E+00 -0.148E+00
 -7.300 0.479E+00 -0.465E+00
 -7.200 0.530E+00 -0.510E+00
 -7.100 0.400E+00 -0.381E+00
 -7.000 0.407E+00 -0.384E+00
 -6.900 0.238E+00 -0.229E+00
 -6.800 0.140E+00 -0.135E+00
 -6.700 0.789E+00 -0.643E+00
 -6.600 0.152E+01 -0.125E+01
 -6.500 0.138E+01 -0.102E+01
 -6.400 0.958E+00 -0.803E+00
 -6.300 0.133E+01 -0.165E+01
 -6.200 0.181E+01 -0.165E+01
 -6.100 0.000E+00  0.000E+00
 -6.000 0.000E+00  0.000E+00
 -5.900 0.000E+00  0.000E+00
 -5.800 0.000E+00  0.000E+00
 -5.700 0.000E+00  0.000E+00
 -5.600 0.000E+00  0.000E+00
 -5.500 0.000E+00  0.000E+00
 -5.400 0.000E+00  0.000E+00
 -5.300 0.000E+00  0.000E+00
 -5.200 0.000E+00  0.000E+00
 -5.100 0.000E+00  0.000E+00
 -5.000 0.000E+00  0.000E+00
 -4.900 0.000E+00  0.000E+00
 -4.800 0.000E+00  0.000E+00
 -4.700 0.000E+00  0.000E+00
 -4.600 0.000E+00  0.000E+00
 -4.500 0.000E+00  0.000E+00
 -4.400 0.000E+00  0.000E+00
 -4.300 0.000E+00  0.000E+00
 -4.200 0.000E+00  0.000E+00
 -4.100 0.000E+00  0.000E+00
 -4.000 0.000E+00  0.000E+00
 -3.900 0.000E+00  0.000E+00
 -3.800 0.000E+00  0.000E+00
 -3.700 0.000E+00  0.000E+00
 -3.600 0.000E+00  0.000E+00
 -3.500 0.000E+00  0.000E+00
 -3.400 0.000E+00  0.000E+00
 -3.300 0.000E+00  0.000E+00
 -3.200 0.000E+00  0.000E+00
 -3.100 0.000E+00  0.000E+00
 -3.000 0.000E+00  0.000E+00
 -2.900 0.000E+00  0.000E+00
 -2.800 0.000E+00  0.000E+00
 -2.700 0.000E+00  0.000E+00
 -2.600 0.000E+00  0.000E+00
 -2.500 0.000E+00  0.000E+00
 -2.400 0.000E+00  0.000E+00
 -2.300 0.000E+00  0.000E+00
 -2.200 0.000E+00  0.000E+00
 -2.100 0.000E+00  0.000E+00
 -2.000 0.000E+00  0.000E+00
 -1.900 0.000E+00  0.000E+00
 -1.800 0.000E+00  0.000E+00
 -1.700 0.000E+00  0.000E+00
 -1.600 0.000E+00  0.000E+00
 -1.500 0.000E+00  0.000E+00
 -1.400 0.000E+00  0.000E+00
 -1.300 0.000E+00  0.000E+00
 -1.200 0.000E+00  0.000E+00
 -1.100 0.000E+00  0.000E+00
 -1.000 0.000E+00  0.000E+00
 -0.900 0.000E+00  0.000E+00
 -0.800 0.000E+00  0.000E+00
 -0.700 0.000E+00  0.000E+00
 -0.600 0.000E+00  0.000E+00
 -0.500 0.000E+00  0.000E+00
 -0.400 0.000E+00  0.000E+00
 -0.300 0.000E+00  0.000E+00
 -0.200 0.000E+00  0.000E+00
 -0.100 0.000E+00  0.000E+00
  0.000 0.401E-01 -0.134E-01
  0.100 0.145E+00 -0.515E-01
  0.200 0.151E+00 -0.619E-01
  0.300 0.111E+00 -0.527E-01
  0.400 0.956E-01 -0.510E-01
  0.500 0.175E+00 -0.991E-01
  0.600 0.111E+00 -0.671E-01
  0.700 0.123E+00 -0.768E-01
  0.800 0.994E-01 -0.653E-01
  0.900 0.659E-01 -0.446E-01
  1.000 0.465E-01 -0.325E-01
  1.100 0.336E-01 -0.239E-01
  1.200 0.240E-01 -0.173E-01
  1.300 0.158E-01 -0.115E-01
  1.400 0.967E-02 -0.713E-02
  1.500 0.513E-02 -0.377E-02
  1.600 0.746E-03 -0.554E-03
  1.700 0.000E+00  0.000E+00
  1.800 0.000E+00  0.000E+00
  1.900 0.000E+00  0.000E+00
  2.000 0.000E+00  0.000E+00
  2.100 0.000E+00  0.000E+00
  2.200 0.000E+00  0.000E+00
  2.300 0.000E+00  0.000E+00
  2.400 0.000E+00  0.000E+00
  2.500 0.000E+00  0.000E+00
  2.600 0.000E+00  0.000E+00
  2.700 0.000E+00  0.000E+00
  2.800 0.000E+00  0.000E+00
  2.900 0.000E+00  0.000E+00
  3.000 0.000E+00  0.000E+00
  3.100 0.000E+00  0.000E+00
  3.200 0.000E+00  0.000E+00
  3.300 0.000E+00  0.000E+00
  3.400 0.000E+00  0.000E+00
  3.500 0.000E+00  0.000E+00
  3.600 0.000E+00  0.000E+00
  3.700 0.000E+00  0.000E+00
  3.800 0.888E+00 -0.109E+00
  3.900 0.399E+01 -0.454E+00
  4.000 0.535E+01 -0.475E+00
  4.100 0.315E+01 -0.246E+00
  4.200 0.571E+01 -0.562E+00
  4.300 0.101E+02 -0.570E+00
  4.400 0.965E+01 -0.514E+00
  4.500 0.937E+01 -0.383E+00
  4.600 0.808E+01 -0.299E+00
  4.700 0.726E+01 -0.336E+00
  4.800 0.805E+01 -0.426E+00
  4.900 0.121E+02 -0.765E+00
  5.000 0.385E+01 -0.401E+00
  5.100 0.529E+01 -0.100E+01
  5.200 0.921E-01 -0.323E-01
  5.300 0.000E+00  0.000E+00
  5.400 0.975E+00 -0.296E+00
  5.500 0.105E+01 -0.333E+00
  5.600 0.155E+01 -0.532E+00
  5.700 0.175E+01 -0.644E+00
  5.800 0.225E+01 -0.799E+00
  5.900 0.139E+01 -0.466E+00
  6.000 0.152E+01 -0.492E+00
  6.100 0.171E+01 -0.521E+00
  6.200 0.147E+01 -0.494E+00
  6.300 0.242E+01 -0.860E+00
  6.400 0.298E+01 -0.604E+00
  6.500 0.271E+01 -0.982E+00
  6.600 0.125E+01 -0.531E+00
  6.700 0.198E+01 -0.915E+00
  6.800 0.202E+01 -0.132E+01
  6.900 0.786E+00 -0.418E+00
  7.000 0.193E+01 -0.118E+01
  7.100 0.118E+01 -0.673E+00
  7.200 0.117E+01 -0.534E+00
  7.300 0.131E+01 -0.670E+00
  7.400 0.998E+00 -0.773E+00
  7.500 0.101E+01 -0.923E+00
  7.600 0.985E+00 -0.118E+01
  7.700 0.708E+00 -0.979E+00
  7.800 0.661E+00 -0.773E+00
  7.900 0.857E+00 -0.954E+00
  8.000 0.755E+00 -0.793E+00
  8.100 0.112E+01 -0.115E+01
  8.200 0.311E+00 -0.319E+00
  8.300 0.137E+01 -0.119E+01
  8.400 0.115E+01 -0.851E+00
  8.500 0.147E+01 -0.877E+00
  8.600 0.948E+00 -0.682E+00
  8.700 0.211E+00 -0.169E+00
  8.800 0.163E+00 -0.106E+00
  8.900 0.703E+00 -0.424E+00
  9.000 0.196E+01 -0.124E+01
  9.100 0.141E+01 -0.110E+01
  9.200 0.113E+00 -0.118E+00
  9.300 0.151E+01 -0.111E+01
  9.400 0.144E+01 -0.988E+00
  9.500 0.178E+01 -0.111E+01
  9.600 0.169E+01 -0.839E+00
  9.700 0.157E+01 -0.609E+00
  9.800 0.199E+01 -0.744E+00
  9.900 0.180E+01 -0.605E+00
 10.000 0.705E+00 -0.220E+00
 10.100 0.000E+00  0.000E+00
 10.200 0.000E+00  0.000E+00
 10.300 0.000E+00  0.000E+00
 10.400 0.000E+00  0.000E+00
 10.500 0.000E+00  0.000E+00
 10.600 0.000E+00  0.000E+00
 10.700 0.000E+00  0.000E+00
 10.800 0.000E+00  0.000E+00
 10.900 0.000E+00  0.000E+00
 11.000 0.000E+00  0.000E+00
 11.100 0.000E+00  0.000E+00
 11.200 0.000E+00  0.000E+00
 11.300 0.000E+00  0.000E+00
 11.400 0.000E+00  0.000E+00
 11.500 0.000E+00  0.000E+00
 11.600 0.000E+00  0.000E+00
 11.700 0.596E-02 -0.740E+00
 11.800 0.350E+00 -0.293E+02
 11.900 0.237E+00 -0.202E+02
 12.000 0.292E+00 -0.194E+02
 12.100 0.000E+00  0.000E+00
 12.200 0.000E+00  0.000E+00
 12.300 0.000E+00  0.000E+00
 12.400 0.351E-01 -0.941E+00
 12.500 0.936E-01 -0.223E+01
 12.600 0.155E+00 -0.373E+01
 12.700 0.202E+00 -0.502E+01
 12.800 0.159E+00 -0.438E+01
 12.900 0.173E+00 -0.528E+01
 13.000 0.301E+00 -0.858E+01
 13.100 0.228E+00 -0.622E+01
 13.200 0.128E+00 -0.332E+01
 13.300 0.000E+00  0.000E+00
 13.400 0.449E-01 -0.375E+00
 13.500 0.930E-01 -0.517E+00
 13.600 0.138E+00 -0.408E+00
 13.700 0.150E+00 -0.496E+00
 13.800 0.149E+00 -0.611E+00
 13.900 0.138E+00 -0.517E+00
 14.000 0.103E+00 -0.418E+00
 14.100 0.902E-01 -0.297E+00
 14.200 0.104E+00 -0.266E+00
 14.300 0.764E-01 -0.187E+00
 14.400 0.506E-01 -0.119E+00
 14.500 0.810E-01 -0.169E+00
 14.600 0.143E+00 -0.281E+00
 14.700 0.111E+00 -0.219E+00
 14.800 0.937E-01 -0.185E+00
 14.900 0.705E-01 -0.152E+00
 15.000 0.535E-01 -0.120E+00
 15.100 0.844E-01 -0.163E+00
 15.200 0.921E-01 -0.165E+00
 15.300 0.750E-01 -0.142E+00
 15.400 0.124E+00 -0.233E+00
 15.500 0.110E+00 -0.194E+00
 15.600 0.904E-01 -0.156E+00
 15.700 0.953E-01 -0.156E+00
 15.800 0.956E-01 -0.147E+00
 15.900 0.518E-01 -0.859E-01
 16.000 0.347E-01 -0.523E-01
 16.100 0.125E-01 -0.198E-01
 16.200 0.000E+00  0.000E+00
 16.300 0.000E+00  0.000E+00
 16.400 0.000E+00  0.000E+00
 16.500 0.000E+00  0.000E+00
 16.600 0.000E+00  0.000E+00
 16.700 0.000E+00  0.000E+00
 16.800 0.000E+00  0.000E+00
 16.900 0.000E+00  0.000E+00
 17.000 0.000E+00  0.000E+00
 17.100 0.123E-02 -0.926E-03
 17.200 0.331E-01 -0.251E-01
 17.300 0.713E-01 -0.538E-01
 17.400 0.893E-01 -0.670E-01
 17.500 0.117E+00 -0.870E-01
 17.600 0.146E+00 -0.107E+00
 17.700 0.173E+00 -0.126E+00
 17.800 0.201E+00 -0.144E+00
 17.900 0.229E+00 -0.162E+00
 18.000 0.260E+00 -0.180E+00
 18.100 0.293E+00 -0.200E+00
 18.200 0.329E+00 -0.219E+00
 18.300 0.370E+00 -0.239E+00
 18.400 0.413E+00 -0.259E+00
 18.500 0.467E+00 -0.279E+00
 18.600 0.528E+00 -0.299E+00
 18.700 0.615E+00 -0.332E+00
 18.800 0.773E+00 -0.415E+00
 18.900 0.112E+01 -0.558E+00
 19.000 0.121E+01 -0.567E+00
 19.100 0.130E+01 -0.578E+00
 19.200 0.157E+01 -0.629E+00
 19.300 0.180E+01 -0.648E+00
 19.400 0.171E+01 -0.650E+00
 19.500 0.352E+01 -0.949E+00
 19.600 0.151E+01 -0.120E+01
 19.700 0.909E+00 -0.113E+01
 19.800 0.113E+01 -0.223E+01
 19.900 0.102E+01 -0.180E+01
 20.000 0.110E+01 -0.221E+01
 20.100 0.102E+01 -0.376E+01
 20.200 0.469E+00 -0.774E+00
 20.300 0.516E+00 -0.490E+00
 20.400 0.649E+00 -0.555E+00
 20.500 0.102E+01 -0.831E+00
 20.600 0.189E+01 -0.154E+01
 20.700 0.149E+01 -0.123E+01
 20.800 0.117E+01 -0.102E+01
 20.900 0.769E+00 -0.678E+00
 21.000 0.158E+01 -0.121E+01
 21.100 0.107E+01 -0.913E+00
 21.200 0.139E+01 -0.107E+01
 21.300 0.150E+01 -0.118E+01
 21.400 0.162E+01 -0.149E+01
 21.500 0.133E+01 -0.120E+01
 21.600 0.146E+01 -0.148E+01
 21.700 0.178E+01 -0.164E+01
 21.800 0.129E+01 -0.105E+01
 21.900 0.136E+01 -0.124E+01
 22.000 0.150E+01 -0.121E+01
 22.100 0.168E+01 -0.198E+01
 22.200 0.112E+01 -0.146E+01
 22.300 0.129E+01 -0.149E+01
 22.400 0.171E+01 -0.198E+01
 22.500 0.248E+01 -0.257E+01
 22.600 0.130E+01 -0.193E+01
 22.700 0.443E+00 -0.557E+00
 22.800 0.983E+00 -0.106E+01
 22.900 0.128E+01 -0.123E+01
 23.000 0.180E+01 -0.150E+01
 23.100 0.822E+00 -0.873E+00
 23.200 0.178E+01 -0.198E+01
 23.300 0.103E+01 -0.132E+01
 23.400 0.742E+00 -0.829E+00
 23.500 0.926E+00 -0.107E+01
 23.600 0.119E+01 -0.144E+01
 23.700 0.136E+01 -0.157E+01
 23.800 0.159E+01 -0.177E+01
 23.900 0.106E+01 -0.143E+01
 24.000 0.709E+00 -0.104E+01
 24.100 0.674E+00 -0.108E+01
 24.200 0.743E+00 -0.104E+01
 24.300 0.387E+00 -0.588E+00
 24.400 0.411E+00 -0.609E+00
 24.500 0.422E+00 -0.650E+00
 24.600 0.349E+00 -0.543E+00
 24.700 0.328E+00 -0.434E+00
 24.800 0.340E+00 -0.486E+00
 24.900 0.338E+00 -0.526E+00
 25.000 0.317E+00 -0.526E+00
 25.100 0.299E+00 -0.469E+00
 25.200 0.242E+00 -0.390E+00
 25.300 0.288E+00 -0.481E+00
 25.400 0.193E+00 -0.295E+00
 25.500 0.156E+00 -0.225E+00
 25.600 0.155E+00 -0.211E+00
 25.700 0.146E+00 -0.194E+00
 25.800 0.193E+00 -0.272E+00
 25.900 0.111E+00 -0.160E+00
 26.000 0.183E+00 -0.232E+00
 26.100 0.133E+00 -0.167E+00
 26.200 0.131E+00 -0.177E+00
 26.300 0.111E+00 -0.143E+00
 26.400 0.101E+00 -0.123E+00
 26.500 0.181E+00 -0.180E+00
 26.600 0.168E+00 -0.196E+00
 26.700 0.145E+00 -0.164E+00
 26.800 0.188E+00 -0.206E+00
 26.900 0.188E+00 -0.220E+00
 27.000 0.215E+00 -0.267E+00
 27.100 0.177E+00 -0.238E+00
 27.200 0.152E+00 -0.200E+00
 27.300 0.116E+00 -0.152E+00
 27.400 0.101E+00 -0.117E+00
 27.500 0.763E-01 -0.931E-01
 27.600 0.103E+00 -0.122E+00
 27.700 0.165E+00 -0.193E+00
 27.800 0.184E+00 -0.216E+00
 27.900 0.203E+00 -0.239E+00
 28.000 0.199E+00 -0.249E+00
 28.100 0.163E+00 -0.228E+00
 28.200 0.155E+00 -0.213E+00
 28.300 0.143E+00 -0.212E+00
 28.400 0.113E+00 -0.161E+00
 28.500 0.836E-01 -0.113E+00
 28.600 0.922E-01 -0.123E+00
 28.700 0.130E+00 -0.174E+00
 28.800 0.148E+00 -0.196E+00
 28.900 0.155E+00 -0.212E+00
 29.000 0.177E+00 -0.223E+00
 29.100 0.177E+00 -0.217E+00
 29.200 0.184E+00 -0.258E+00
 29.300 0.141E+00 -0.232E+00
 29.400 0.137E+00 -0.204E+00
 29.500 0.135E+00 -0.183E+00
 29.600 0.115E+00 -0.175E+00
 29.700 0.933E-01 -0.140E+00
 29.800 0.135E+00 -0.196E+00
 29.900 0.147E+00 -0.197E+00
 30.000 0.102E+00 -0.157E+00
