-20.000 0.000E+00  0.000E+00
-19.900 0.000E+00  0.000E+00
-19.800 0.000E+00  0.000E+00
-19.700 0.000E+00  0.000E+00
-19.600 0.000E+00  0.000E+00
-19.500 0.000E+00  0.000E+00
-19.400 0.000E+00  0.000E+00
-19.300 0.000E+00  0.000E+00
-19.200 0.000E+00  0.000E+00
-19.100 0.000E+00  0.000E+00
-19.000 0.000E+00  0.000E+00
-18.900 0.000E+00  0.000E+00
-18.800 0.000E+00  0.000E+00
-18.700 0.000E+00  0.000E+00
-18.600 0.000E+00  0.000E+00
-18.500 0.000E+00  0.000E+00
-18.400 0.000E+00  0.000E+00
-18.300 0.000E+00  0.000E+00
-18.200 0.000E+00  0.000E+00
-18.100 0.000E+00  0.000E+00
-18.000 0.000E+00  0.000E+00
-17.900 0.000E+00  0.000E+00
-17.800 0.000E+00  0.000E+00
-17.700 0.000E+00  0.000E+00
-17.600 0.000E+00  0.000E+00
-17.500 0.000E+00  0.000E+00
-17.400 0.000E+00  0.000E+00
-17.300 0.000E+00  0.000E+00
-17.200 0.000E+00  0.000E+00
-17.100 0.000E+00  0.000E+00
-17.000 0.000E+00  0.000E+00
-16.900 0.000E+00  0.000E+00
-16.800 0.000E+00  0.000E+00
-16.700 0.000E+00  0.000E+00
-16.600 0.000E+00  0.000E+00
-16.500 0.000E+00  0.000E+00
-16.400 0.000E+00  0.000E+00
-16.300 0.000E+00  0.000E+00
-16.200 0.000E+00  0.000E+00
-16.100 0.000E+00  0.000E+00
-16.000 0.000E+00  0.000E+00
-15.900 0.000E+00  0.000E+00
-15.800 0.000E+00  0.000E+00
-15.700 0.000E+00  0.000E+00
-15.600 0.000E+00  0.000E+00
-15.500 0.000E+00  0.000E+00
-15.400 0.000E+00  0.000E+00
-15.300 0.000E+00  0.000E+00
-15.200 0.000E+00  0.000E+00
-15.100 0.000E+00  0.000E+00
-15.000 0.000E+00  0.000E+00
-14.900 0.000E+00  0.000E+00
-14.800 0.000E+00  0.000E+00
-14.700 0.000E+00  0.000E+00
-14.600 0.000E+00  0.000E+00
-14.500 0.000E+00  0.000E+00
-14.400 0.000E+00  0.000E+00
-14.300 0.000E+00  0.000E+00
-14.200 0.000E+00  0.000E+00
-14.100 0.000E+00  0.000E+00
-14.000 0.000E+00  0.000E+00
-13.900 0.000E+00  0.000E+00
-13.800 0.000E+00  0.000E+00
-13.700 0.000E+00  0.000E+00
-13.600 0.000E+00  0.000E+00
-13.500 0.000E+00  0.000E+00
-13.400 0.000E+00  0.000E+00
-13.300 0.000E+00  0.000E+00
-13.200 0.000E+00  0.000E+00
-13.100 0.000E+00  0.000E+00
-13.000 0.000E+00  0.000E+00
-12.900 0.000E+00  0.000E+00
-12.800 0.000E+00  0.000E+00
-12.700 0.000E+00  0.000E+00
-12.600 0.000E+00  0.000E+00
-12.500 0.000E+00  0.000E+00
-12.400 0.000E+00  0.000E+00
-12.300 0.000E+00  0.000E+00
-12.200 0.000E+00  0.000E+00
-12.100 0.000E+00  0.000E+00
-12.000 0.805E+02 -0.806E+02
-11.900 0.195E+03 -0.190E+03
-11.800 0.000E+00  0.000E+00
-11.700 0.000E+00  0.000E+00
-11.600 0.000E+00  0.000E+00
-11.500 0.000E+00  0.000E+00
-11.400 0.000E+00  0.000E+00
-11.300 0.000E+00  0.000E+00
-11.200 0.000E+00  0.000E+00
-11.100 0.000E+00  0.000E+00
-11.000 0.000E+00  0.000E+00
-10.900 0.000E+00  0.000E+00
-10.800 0.000E+00  0.000E+00
-10.700 0.000E+00  0.000E+00
-10.600 0.000E+00  0.000E+00
-10.500 0.000E+00  0.000E+00
-10.400 0.000E+00  0.000E+00
-10.300 0.000E+00  0.000E+00
-10.200 0.000E+00  0.000E+00
-10.100 0.000E+00  0.000E+00
-10.000 0.000E+00  0.000E+00
 -9.900 0.000E+00  0.000E+00
 -9.800 0.000E+00  0.000E+00
 -9.700 0.000E+00  0.000E+00
 -9.600 0.000E+00  0.000E+00
 -9.500 0.000E+00  0.000E+00
 -9.400 0.000E+00  0.000E+00
 -9.300 0.000E+00  0.000E+00
 -9.200 0.000E+00  0.000E+00
 -9.100 0.000E+00  0.000E+00
 -9.000 0.000E+00  0.000E+00
 -8.900 0.000E+00  0.000E+00
 -8.800 0.000E+00  0.000E+00
 -8.700 0.000E+00  0.000E+00
 -8.600 0.000E+00  0.000E+00
 -8.500 0.000E+00  0.000E+00
 -8.400 0.000E+00  0.000E+00
 -8.300 0.000E+00  0.000E+00
 -8.200 0.818E-03 -0.818E-03
 -8.100 0.330E-02 -0.330E-02
 -8.000 0.702E-02 -0.702E-02
 -7.900 0.128E-01 -0.128E-01
 -7.800 0.210E-01 -0.210E-01
 -7.700 0.340E-01 -0.340E-01
 -7.600 0.611E-01 -0.611E-01
 -7.500 0.881E-01 -0.880E-01
 -7.400 0.292E-01 -0.292E-01
 -7.300 0.801E-01 -0.800E-01
 -7.200 0.106E+00 -0.106E+00
 -7.100 0.893E-01 -0.893E-01
 -7.000 0.104E+00 -0.104E+00
 -6.900 0.640E-01 -0.640E-01
 -6.800 0.390E-01 -0.389E-01
 -6.700 0.177E+00 -0.177E+00
 -6.600 0.431E+00 -0.431E+00
 -6.500 0.626E+00 -0.626E+00
 -6.400 0.620E+00 -0.619E+00
 -6.300 0.136E+01 -0.135E+01
 -6.200 0.212E+01 -0.212E+01
 -6.100 0.000E+00  0.000E+00
 -6.000 0.000E+00  0.000E+00
 -5.900 0.000E+00  0.000E+00
 -5.800 0.000E+00  0.000E+00
 -5.700 0.000E+00  0.000E+00
 -5.600 0.000E+00  0.000E+00
 -5.500 0.000E+00  0.000E+00
 -5.400 0.000E+00  0.000E+00
 -5.300 0.000E+00  0.000E+00
 -5.200 0.000E+00  0.000E+00
 -5.100 0.000E+00  0.000E+00
 -5.000 0.000E+00  0.000E+00
 -4.900 0.000E+00  0.000E+00
 -4.800 0.000E+00  0.000E+00
 -4.700 0.000E+00  0.000E+00
 -4.600 0.000E+00  0.000E+00
 -4.500 0.000E+00  0.000E+00
 -4.400 0.000E+00  0.000E+00
 -4.300 0.000E+00  0.000E+00
 -4.200 0.000E+00  0.000E+00
 -4.100 0.000E+00  0.000E+00
 -4.000 0.000E+00  0.000E+00
 -3.900 0.000E+00  0.000E+00
 -3.800 0.000E+00  0.000E+00
 -3.700 0.000E+00  0.000E+00
 -3.600 0.000E+00  0.000E+00
 -3.500 0.000E+00  0.000E+00
 -3.400 0.000E+00  0.000E+00
 -3.300 0.000E+00  0.000E+00
 -3.200 0.000E+00  0.000E+00
 -3.100 0.000E+00  0.000E+00
 -3.000 0.000E+00  0.000E+00
 -2.900 0.000E+00  0.000E+00
 -2.800 0.000E+00  0.000E+00
 -2.700 0.000E+00  0.000E+00
 -2.600 0.000E+00  0.000E+00
 -2.500 0.000E+00  0.000E+00
 -2.400 0.000E+00  0.000E+00
 -2.300 0.000E+00  0.000E+00
 -2.200 0.000E+00  0.000E+00
 -2.100 0.000E+00  0.000E+00
 -2.000 0.000E+00  0.000E+00
 -1.900 0.000E+00  0.000E+00
 -1.800 0.000E+00  0.000E+00
 -1.700 0.000E+00  0.000E+00
 -1.600 0.000E+00  0.000E+00
 -1.500 0.000E+00  0.000E+00
 -1.400 0.000E+00  0.000E+00
 -1.300 0.000E+00  0.000E+00
 -1.200 0.000E+00  0.000E+00
 -1.100 0.000E+00  0.000E+00
 -1.000 0.000E+00  0.000E+00
 -0.900 0.000E+00  0.000E+00
 -0.800 0.000E+00  0.000E+00
 -0.700 0.000E+00  0.000E+00
 -0.600 0.000E+00  0.000E+00
 -0.500 0.000E+00  0.000E+00
 -0.400 0.000E+00  0.000E+00
 -0.300 0.000E+00  0.000E+00
 -0.200 0.000E+00  0.000E+00
 -0.100 0.000E+00  0.000E+00
  0.000 0.428E-01 -0.427E-01
  0.100 0.154E+00 -0.154E+00
  0.200 0.148E+00 -0.148E+00
  0.300 0.964E-01 -0.964E-01
  0.400 0.736E-01 -0.736E-01
  0.500 0.128E+00 -0.128E+00
  0.600 0.726E-01 -0.726E-01
  0.700 0.759E-01 -0.758E-01
  0.800 0.554E-01 -0.554E-01
  0.900 0.339E-01 -0.339E-01
  1.000 0.217E-01 -0.217E-01
  1.100 0.146E-01 -0.146E-01
  1.200 0.965E-02 -0.964E-02
  1.300 0.584E-02 -0.584E-02
  1.400 0.323E-02 -0.323E-02
  1.500 0.156E-02 -0.156E-02
  1.600 0.177E-03 -0.177E-03
  1.700 0.000E+00  0.000E+00
  1.800 0.000E+00  0.000E+00
  1.900 0.000E+00  0.000E+00
  2.000 0.000E+00  0.000E+00
  2.100 0.000E+00  0.000E+00
  2.200 0.000E+00  0.000E+00
  2.300 0.000E+00  0.000E+00
  2.400 0.000E+00  0.000E+00
  2.500 0.000E+00  0.000E+00
  2.600 0.000E+00  0.000E+00
  2.700 0.000E+00  0.000E+00
  2.800 0.000E+00  0.000E+00
  2.900 0.000E+00  0.000E+00
  3.000 0.000E+00  0.000E+00
  3.100 0.000E+00  0.000E+00
  3.200 0.000E+00  0.000E+00
  3.300 0.000E+00  0.000E+00
  3.400 0.000E+00  0.000E+00
  3.500 0.000E+00  0.000E+00
  3.600 0.000E+00  0.000E+00
  3.700 0.000E+00  0.000E+00
  3.800 0.874E+00 -0.822E+00
  3.900 0.395E+01 -0.387E+01
  4.000 0.535E+01 -0.532E+01
  4.100 0.316E+01 -0.319E+01
  4.200 0.553E+01 -0.557E+01
  4.300 0.102E+02 -0.100E+02
  4.400 0.976E+01 -0.979E+01
  4.500 0.943E+01 -0.932E+01
  4.600 0.802E+01 -0.813E+01
  4.700 0.710E+01 -0.711E+01
  4.800 0.786E+01 -0.904E+01
  4.900 0.117E+02 -0.119E+02
  5.000 0.352E+01 -0.354E+01
  5.100 0.443E+01 -0.446E+01
  5.200 0.329E-01 -0.332E-01
  5.300 0.000E+00  0.000E+00
  5.400 0.734E+00 -0.732E+00
  5.500 0.832E+00 -0.835E+00
  5.600 0.128E+01 -0.128E+01
  5.700 0.149E+01 -0.149E+01
  5.800 0.196E+01 -0.196E+01
  5.900 0.127E+01 -0.128E+01
  6.000 0.139E+01 -0.139E+01
  6.100 0.161E+01 -0.161E+01
  6.200 0.146E+01 -0.146E+01
  6.300 0.238E+01 -0.236E+01
  6.400 0.305E+01 -0.309E+01
  6.500 0.280E+01 -0.280E+01
  6.600 0.128E+01 -0.128E+01
  6.700 0.213E+01 -0.213E+01
  6.800 0.234E+01 -0.236E+01
  6.900 0.885E+00 -0.882E+00
  7.000 0.231E+01 -0.232E+01
  7.100 0.141E+01 -0.141E+01
  7.200 0.138E+01 -0.137E+01
  7.300 0.164E+01 -0.164E+01
  7.400 0.139E+01 -0.140E+01
  7.500 0.145E+01 -0.145E+01
  7.600 0.170E+01 -0.170E+01
  7.700 0.139E+01 -0.139E+01
  7.800 0.118E+01 -0.119E+01
  7.900 0.151E+01 -0.151E+01
  8.000 0.130E+01 -0.130E+01
  8.100 0.185E+01 -0.186E+01
  8.200 0.498E+00 -0.498E+00
  8.300 0.211E+01 -0.210E+01
  8.400 0.164E+01 -0.164E+01
  8.500 0.191E+01 -0.191E+01
  8.600 0.136E+01 -0.136E+01
  8.700 0.317E+00 -0.317E+00
  8.800 0.231E+00 -0.230E+00
  8.900 0.101E+01 -0.101E+01
  9.000 0.296E+01 -0.296E+01
  9.100 0.231E+01 -0.231E+01
  9.200 0.200E+00 -0.200E+00
  9.300 0.243E+01 -0.244E+01
  9.400 0.227E+01 -0.227E+01
  9.500 0.270E+01 -0.270E+01
  9.600 0.239E+01 -0.238E+01
  9.700 0.203E+01 -0.205E+01
  9.800 0.257E+01 -0.253E+01
  9.900 0.224E+01 -0.225E+01
 10.000 0.852E+00 -0.860E+00
 10.100 0.000E+00  0.000E+00
 10.200 0.000E+00  0.000E+00
 10.300 0.000E+00  0.000E+00
 10.400 0.000E+00  0.000E+00
 10.500 0.000E+00  0.000E+00
 10.600 0.000E+00  0.000E+00
 10.700 0.000E+00  0.000E+00
 10.800 0.000E+00  0.000E+00
 10.900 0.000E+00  0.000E+00
 11.000 0.000E+00  0.000E+00
 11.100 0.000E+00  0.000E+00
 11.200 0.000E+00  0.000E+00
 11.300 0.000E+00  0.000E+00
 11.400 0.000E+00  0.000E+00
 11.500 0.000E+00  0.000E+00
 11.600 0.000E+00  0.000E+00
 11.700 0.333E+00 -0.733E+00
 11.800 0.294E+02 -0.293E+02
 11.900 0.207E+02 -0.203E+02
 12.000 0.199E+02 -0.196E+02
 12.100 0.000E+00  0.000E+00
 12.200 0.000E+00  0.000E+00
 12.300 0.000E+00  0.000E+00
 12.400 0.923E+00 -0.934E+00
 12.500 0.220E+01 -0.221E+01
 12.600 0.361E+01 -0.371E+01
 12.700 0.500E+01 -0.499E+01
 12.800 0.440E+01 -0.436E+01
 12.900 0.525E+01 -0.527E+01
 13.000 0.876E+01 -0.860E+01
 13.100 0.627E+01 -0.628E+01
 13.200 0.345E+01 -0.337E+01
 13.300 0.000E+00  0.000E+00
 13.400 0.371E+00 -0.372E+00
 13.500 0.509E+00 -0.507E+00
 13.600 0.393E+00 -0.391E+00
 13.700 0.450E+00 -0.449E+00
 13.800 0.515E+00 -0.515E+00
 13.900 0.418E+00 -0.418E+00
 14.000 0.336E+00 -0.334E+00
 14.100 0.222E+00 -0.221E+00
 14.200 0.186E+00 -0.186E+00
 14.300 0.126E+00 -0.125E+00
 14.400 0.769E-01 -0.768E-01
 14.500 0.107E+00 -0.107E+00
 14.600 0.176E+00 -0.176E+00
 14.700 0.133E+00 -0.132E+00
 14.800 0.111E+00 -0.111E+00
 14.900 0.946E-01 -0.945E-01
 15.000 0.790E-01 -0.789E-01
 15.100 0.103E+00 -0.103E+00
 15.200 0.101E+00 -0.101E+00
 15.300 0.865E-01 -0.864E-01
 15.400 0.138E+00 -0.138E+00
 15.500 0.112E+00 -0.112E+00
 15.600 0.875E-01 -0.873E-01
 15.700 0.819E-01 -0.817E-01
 15.800 0.741E-01 -0.741E-01
 15.900 0.424E-01 -0.424E-01
 16.000 0.252E-01 -0.251E-01
 16.100 0.101E-01 -0.101E-01
 16.200 0.000E+00  0.000E+00
 16.300 0.000E+00  0.000E+00
 16.400 0.000E+00  0.000E+00
 16.500 0.000E+00  0.000E+00
 16.600 0.000E+00  0.000E+00
 16.700 0.000E+00  0.000E+00
 16.800 0.000E+00  0.000E+00
 16.900 0.000E+00  0.000E+00
 17.000 0.000E+00  0.000E+00
 17.100 0.942E-06 -0.930E-06
 17.200 0.575E-04 -0.573E-04
 17.300 0.184E-03 -0.184E-03
 17.400 0.292E-03 -0.291E-03
 17.500 0.458E-03 -0.458E-03
 17.600 0.668E-03 -0.666E-03
 17.700 0.900E-03 -0.900E-03
 17.800 0.116E-02 -0.115E-02
 17.900 0.145E-02 -0.145E-02
 18.000 0.180E-02 -0.180E-02
 18.100 0.222E-02 -0.221E-02
 18.200 0.268E-02 -0.268E-02
 18.300 0.324E-02 -0.324E-02
 18.400 0.389E-02 -0.388E-02
 18.500 0.467E-02 -0.466E-02
 18.600 0.561E-02 -0.560E-02
 18.700 0.688E-02 -0.687E-02
 18.800 0.911E-02 -0.909E-02
 18.900 0.138E-01 -0.138E-01
 19.000 0.162E-01 -0.162E-01
 19.100 0.195E-01 -0.194E-01
 19.200 0.248E-01 -0.248E-01
 19.300 0.289E-01 -0.288E-01
 19.400 0.321E-01 -0.319E-01
 19.500 0.677E-01 -0.675E-01
 19.600 0.307E-01 -0.309E-01
 19.700 0.203E-01 -0.203E-01
 19.800 0.267E-01 -0.285E-01
 19.900 0.258E-01 -0.258E-01
 20.000 0.284E-01 -0.285E-01
 20.100 0.356E-01 -0.356E-01
 20.200 0.145E-01 -0.143E-01
 20.300 0.137E-01 -0.137E-01
 20.400 0.155E-01 -0.155E-01
 20.500 0.207E-01 -0.206E-01
 20.600 0.352E-01 -0.352E-01
 20.700 0.249E-01 -0.249E-01
 20.800 0.216E-01 -0.216E-01
 20.900 0.168E-01 -0.167E-01
 21.000 0.267E-01 -0.267E-01
 21.100 0.217E-01 -0.217E-01
 21.200 0.266E-01 -0.266E-01
 21.300 0.294E-01 -0.294E-01
 21.400 0.356E-01 -0.356E-01
 21.500 0.283E-01 -0.283E-01
 21.600 0.370E-01 -0.370E-01
 21.700 0.400E-01 -0.399E-01
 21.800 0.285E-01 -0.284E-01
 21.900 0.312E-01 -0.312E-01
 22.000 0.313E-01 -0.313E-01
 22.100 0.423E-01 -0.422E-01
 22.200 0.268E-01 -0.268E-01
 22.300 0.157E-01 -0.157E-01
 22.400 0.268E-01 -0.268E-01
 22.500 0.444E-01 -0.445E-01
 22.600 0.261E-01 -0.261E-01
 22.700 0.830E-02 -0.829E-02
 22.800 0.180E-01 -0.180E-01
 22.900 0.242E-01 -0.242E-01
 23.000 0.326E-01 -0.326E-01
 23.100 0.219E-01 -0.219E-01
 23.200 0.401E-01 -0.402E-01
 23.300 0.282E-01 -0.282E-01
 23.400 0.204E-01 -0.204E-01
 23.500 0.273E-01 -0.273E-01
 23.600 0.327E-01 -0.327E-01
 23.700 0.407E-01 -0.405E-01
 23.800 0.477E-01 -0.477E-01
 23.900 0.439E-01 -0.439E-01
 24.000 0.336E-01 -0.336E-01
 24.100 0.367E-01 -0.366E-01
 24.200 0.476E-01 -0.476E-01
 24.300 0.299E-01 -0.299E-01
 24.400 0.340E-01 -0.340E-01
 24.500 0.426E-01 -0.428E-01
 24.600 0.344E-01 -0.344E-01
 24.700 0.264E-01 -0.264E-01
 24.800 0.296E-01 -0.296E-01
 24.900 0.331E-01 -0.331E-01
 25.000 0.351E-01 -0.350E-01
 25.100 0.347E-01 -0.347E-01
 25.200 0.317E-01 -0.317E-01
 25.300 0.375E-01 -0.375E-01
 25.400 0.246E-01 -0.245E-01
 25.500 0.192E-01 -0.192E-01
 25.600 0.175E-01 -0.175E-01
 25.700 0.180E-01 -0.180E-01
 25.800 0.239E-01 -0.239E-01
 25.900 0.167E-01 -0.167E-01
 26.000 0.225E-01 -0.225E-01
 26.100 0.157E-01 -0.157E-01
 26.200 0.147E-01 -0.147E-01
 26.300 0.110E-01 -0.110E-01
 26.400 0.884E-02 -0.883E-02
 26.500 0.122E-01 -0.122E-01
 26.600 0.122E-01 -0.122E-01
 26.700 0.979E-02 -0.978E-02
 26.800 0.113E-01 -0.113E-01
 26.900 0.119E-01 -0.119E-01
 27.000 0.127E-01 -0.127E-01
 27.100 0.114E-01 -0.114E-01
 27.200 0.998E-02 -0.997E-02
 27.300 0.756E-02 -0.755E-02
 27.400 0.564E-02 -0.563E-02
 27.500 0.425E-02 -0.424E-02
 27.600 0.469E-02 -0.469E-02
 27.700 0.723E-02 -0.722E-02
 27.800 0.940E-02 -0.938E-02
 27.900 0.113E-01 -0.113E-01
 28.000 0.113E-01 -0.113E-01
 28.100 0.944E-02 -0.943E-02
 28.200 0.866E-02 -0.867E-02
 28.300 0.112E-01 -0.115E-01
 28.400 0.930E-02 -0.929E-02
 28.500 0.528E-02 -0.528E-02
 28.600 0.543E-02 -0.543E-02
 28.700 0.837E-02 -0.836E-02
 28.800 0.939E-02 -0.939E-02
 28.900 0.936E-02 -0.936E-02
 29.000 0.101E-01 -0.101E-01
 29.100 0.960E-02 -0.959E-02
 29.200 0.120E-01 -0.120E-01
 29.300 0.111E-01 -0.111E-01
 29.400 0.967E-02 -0.965E-02
 29.500 0.961E-02 -0.961E-02
 29.600 0.853E-02 -0.853E-02
 29.700 0.737E-02 -0.737E-02
 29.800 0.105E-01 -0.105E-01
 29.900 0.134E-01 -0.134E-01
 30.000 0.880E-02 -0.880E-02
