-20.000 0.000E+00 0.000E+00
-19.900 0.000E+00 0.000E+00
-19.800 0.000E+00 0.000E+00
-19.700 0.000E+00 0.000E+00
-19.600 0.000E+00 0.000E+00
-19.500 0.000E+00 0.000E+00
-19.400 0.000E+00 0.000E+00
-19.300 0.000E+00 0.000E+00
-19.200 0.000E+00 0.000E+00
-19.100 0.000E+00 0.000E+00
-19.000 0.000E+00 0.000E+00
-18.900 0.000E+00 0.000E+00
-18.800 0.000E+00 0.000E+00
-18.700 0.000E+00 0.000E+00
-18.600 0.000E+00 0.000E+00
-18.500 0.000E+00 0.000E+00
-18.400 0.000E+00 0.000E+00
-18.300 0.000E+00 0.000E+00
-18.200 0.000E+00 0.000E+00
-18.100 0.000E+00 0.000E+00
-18.000 0.000E+00 0.000E+00
-17.900 0.000E+00 0.000E+00
-17.800 0.000E+00 0.000E+00
-17.700 0.000E+00 0.000E+00
-17.600 0.000E+00 0.000E+00
-17.500 0.000E+00 0.000E+00
-17.400 0.000E+00 0.000E+00
-17.300 0.000E+00 0.000E+00
-17.200 0.000E+00 0.000E+00
-17.100 0.000E+00 0.000E+00
-17.000 0.000E+00 0.000E+00
-16.900 0.000E+00 0.000E+00
-16.800 0.000E+00 0.000E+00
-16.700 0.000E+00 0.000E+00
-16.600 0.000E+00 0.000E+00
-16.500 0.000E+00 0.000E+00
-16.400 0.000E+00 0.000E+00
-16.300 0.000E+00 0.000E+00
-16.200 0.000E+00 0.000E+00
-16.100 0.000E+00 0.000E+00
-16.000 0.000E+00 0.000E+00
-15.900 0.000E+00 0.000E+00
-15.800 0.000E+00 0.000E+00
-15.700 0.000E+00 0.000E+00
-15.600 0.000E+00 0.000E+00
-15.500 0.000E+00 0.000E+00
-15.400 0.000E+00 0.000E+00
-15.300 0.000E+00 0.000E+00
-15.200 0.000E+00 0.000E+00
-15.100 0.000E+00 0.000E+00
-15.000 0.000E+00 0.000E+00
-14.900 0.000E+00 0.000E+00
-14.800 0.000E+00 0.000E+00
-14.700 0.000E+00 0.000E+00
-14.600 0.000E+00 0.000E+00
-14.500 0.000E+00 0.000E+00
-14.400 0.000E+00 0.000E+00
-14.300 0.000E+00 0.000E+00
-14.200 0.000E+00 0.000E+00
-14.100 0.000E+00 0.000E+00
-14.000 0.000E+00 0.000E+00
-13.900 0.000E+00 0.000E+00
-13.800 0.000E+00 0.000E+00
-13.700 0.000E+00 0.000E+00
-13.600 0.000E+00 0.000E+00
-13.500 0.000E+00 0.000E+00
-13.400 0.000E+00 0.000E+00
-13.300 0.000E+00 0.000E+00
-13.200 0.000E+00 0.000E+00
-13.100 0.000E+00 0.000E+00
-13.000 0.000E+00 0.000E+00
-12.900 0.000E+00 0.000E+00
-12.800 0.000E+00 0.000E+00
-12.700 0.000E+00 0.000E+00
-12.600 0.000E+00 0.000E+00
-12.500 0.000E+00 0.000E+00
-12.400 0.000E+00 0.000E+00
-12.300 0.000E+00 0.000E+00
-12.200 0.000E+00 0.000E+00
-12.100 0.000E+00 0.000E+00
-12.000 0.805E+02 0.806E+02
-11.900 0.195E+03 0.190E+03
-11.800 0.000E+00 0.000E+00
-11.700 0.000E+00 0.000E+00
-11.600 0.000E+00 0.000E+00
-11.500 0.000E+00 0.000E+00
-11.400 0.000E+00 0.000E+00
-11.300 0.000E+00 0.000E+00
-11.200 0.000E+00 0.000E+00
-11.100 0.000E+00 0.000E+00
-11.000 0.000E+00 0.000E+00
-10.900 0.000E+00 0.000E+00
-10.800 0.000E+00 0.000E+00
-10.700 0.000E+00 0.000E+00
-10.600 0.000E+00 0.000E+00
-10.500 0.000E+00 0.000E+00
-10.400 0.000E+00 0.000E+00
-10.300 0.000E+00 0.000E+00
-10.200 0.000E+00 0.000E+00
-10.100 0.000E+00 0.000E+00
-10.000 0.000E+00 0.000E+00
 -9.900 0.000E+00 0.000E+00
 -9.800 0.000E+00 0.000E+00
 -9.700 0.000E+00 0.000E+00
 -9.600 0.000E+00 0.000E+00
 -9.500 0.000E+00 0.000E+00
 -9.400 0.000E+00 0.000E+00
 -9.300 0.000E+00 0.000E+00
 -9.200 0.000E+00 0.000E+00
 -9.100 0.000E+00 0.000E+00
 -9.000 0.000E+00 0.000E+00
 -8.900 0.000E+00 0.000E+00
 -8.800 0.000E+00 0.000E+00
 -8.700 0.000E+00 0.000E+00
 -8.600 0.000E+00 0.000E+00
 -8.500 0.000E+00 0.000E+00
 -8.400 0.000E+00 0.000E+00
 -8.300 0.000E+00 0.000E+00
 -8.200 0.124E+00 0.124E+00
 -8.100 0.235E+00 0.235E+00
 -8.000 0.312E+00 0.312E+00
 -7.900 0.400E+00 0.400E+00
 -7.800 0.486E+00 0.486E+00
 -7.700 0.601E+00 0.600E+00
 -7.600 0.823E+00 0.823E+00
 -7.500 0.934E+00 0.934E+00
 -7.400 0.258E+00 0.258E+00
 -7.300 0.783E+00 0.783E+00
 -7.200 0.841E+00 0.841E+00
 -7.100 0.614E+00 0.614E+00
 -7.000 0.610E+00 0.610E+00
 -6.900 0.343E+00 0.342E+00
 -6.800 0.192E+00 0.192E+00
 -6.700 0.821E+00 0.820E+00
 -6.600 0.158E+01 0.158E+01
 -6.500 0.135E+01 0.135E+01
 -6.400 0.955E+00 0.954E+00
 -6.300 0.150E+01 0.150E+01
 -6.200 0.153E+01 0.153E+01
 -6.100 0.000E+00 0.000E+00
 -6.000 0.000E+00 0.000E+00
 -5.900 0.000E+00 0.000E+00
 -5.800 0.000E+00 0.000E+00
 -5.700 0.000E+00 0.000E+00
 -5.600 0.000E+00 0.000E+00
 -5.500 0.000E+00 0.000E+00
 -5.400 0.000E+00 0.000E+00
 -5.300 0.000E+00 0.000E+00
 -5.200 0.000E+00 0.000E+00
 -5.100 0.000E+00 0.000E+00
 -5.000 0.000E+00 0.000E+00
 -4.900 0.000E+00 0.000E+00
 -4.800 0.000E+00 0.000E+00
 -4.700 0.000E+00 0.000E+00
 -4.600 0.000E+00 0.000E+00
 -4.500 0.000E+00 0.000E+00
 -4.400 0.000E+00 0.000E+00
 -4.300 0.000E+00 0.000E+00
 -4.200 0.000E+00 0.000E+00
 -4.100 0.000E+00 0.000E+00
 -4.000 0.000E+00 0.000E+00
 -3.900 0.000E+00 0.000E+00
 -3.800 0.000E+00 0.000E+00
 -3.700 0.000E+00 0.000E+00
 -3.600 0.000E+00 0.000E+00
 -3.500 0.000E+00 0.000E+00
 -3.400 0.000E+00 0.000E+00
 -3.300 0.000E+00 0.000E+00
 -3.200 0.000E+00 0.000E+00
 -3.100 0.000E+00 0.000E+00
 -3.000 0.000E+00 0.000E+00
 -2.900 0.000E+00 0.000E+00
 -2.800 0.000E+00 0.000E+00
 -2.700 0.000E+00 0.000E+00
 -2.600 0.000E+00 0.000E+00
 -2.500 0.000E+00 0.000E+00
 -2.400 0.000E+00 0.000E+00
 -2.300 0.000E+00 0.000E+00
 -2.200 0.000E+00 0.000E+00
 -2.100 0.000E+00 0.000E+00
 -2.000 0.000E+00 0.000E+00
 -1.900 0.000E+00 0.000E+00
 -1.800 0.000E+00 0.000E+00
 -1.700 0.000E+00 0.000E+00
 -1.600 0.000E+00 0.000E+00
 -1.500 0.000E+00 0.000E+00
 -1.400 0.000E+00 0.000E+00
 -1.300 0.000E+00 0.000E+00
 -1.200 0.000E+00 0.000E+00
 -1.100 0.000E+00 0.000E+00
 -1.000 0.000E+00 0.000E+00
 -0.900 0.000E+00 0.000E+00
 -0.800 0.000E+00 0.000E+00
 -0.700 0.000E+00 0.000E+00
 -0.600 0.000E+00 0.000E+00
 -0.500 0.000E+00 0.000E+00
 -0.400 0.000E+00 0.000E+00
 -0.300 0.000E+00 0.000E+00
 -0.200 0.000E+00 0.000E+00
 -0.100 0.000E+00 0.000E+00
  0.000 0.278E+01 0.278E+01
  0.100 0.636E+01 0.636E+01
  0.200 0.569E+01 0.569E+01
  0.300 0.379E+01 0.379E+01
  0.400 0.292E+01 0.292E+01
  0.500 0.527E+01 0.527E+01
  0.600 0.315E+01 0.315E+01
  0.700 0.335E+01 0.335E+01
  0.800 0.267E+01 0.267E+01
  0.900 0.176E+01 0.176E+01
  1.000 0.127E+01 0.127E+01
  1.100 0.968E+00 0.968E+00
  1.200 0.744E+00 0.744E+00
  1.300 0.550E+00 0.550E+00
  1.400 0.397E+00 0.397E+00
  1.500 0.260E+00 0.261E+00
  1.600 0.545E-01 0.545E-01
  1.700 0.000E+00 0.000E+00
  1.800 0.000E+00 0.000E+00
  1.900 0.000E+00 0.000E+00
  2.000 0.000E+00 0.000E+00
  2.100 0.000E+00 0.000E+00
  2.200 0.000E+00 0.000E+00
  2.300 0.000E+00 0.000E+00
  2.400 0.000E+00 0.000E+00
  2.500 0.000E+00 0.000E+00
  2.600 0.000E+00 0.000E+00
  2.700 0.000E+00 0.000E+00
  2.800 0.000E+00 0.000E+00
  2.900 0.000E+00 0.000E+00
  3.000 0.000E+00 0.000E+00
  3.100 0.000E+00 0.000E+00
  3.200 0.000E+00 0.000E+00
  3.300 0.000E+00 0.000E+00
  3.400 0.000E+00 0.000E+00
  3.500 0.000E+00 0.000E+00
  3.600 0.000E+00 0.000E+00
  3.700 0.000E+00 0.000E+00
  3.800 0.927E-01 0.875E-01
  3.900 0.419E+00 0.408E+00
  4.000 0.100E+01 0.998E+00
  4.100 0.565E+00 0.565E+00
  4.200 0.863E+00 0.872E+00
  4.300 0.118E+01 0.118E+01
  4.400 0.932E+00 0.933E+00
  4.500 0.771E+00 0.769E+00
  4.600 0.692E+00 0.700E+00
  4.700 0.675E+00 0.679E+00
  4.800 0.705E+00 0.799E+00
  4.900 0.111E+01 0.113E+01
  5.000 0.431E+00 0.432E+00
  5.100 0.552E+00 0.553E+00
  5.200 0.360E-01 0.362E-01
  5.300 0.000E+00 0.000E+00
  5.400 0.688E+00 0.685E+00
  5.500 0.657E+00 0.658E+00
  5.600 0.106E+01 0.106E+01
  5.700 0.126E+01 0.126E+01
  5.800 0.157E+01 0.157E+01
  5.900 0.883E+00 0.883E+00
  6.000 0.946E+00 0.946E+00
  6.100 0.105E+01 0.105E+01
  6.200 0.882E+00 0.882E+00
  6.300 0.150E+01 0.149E+01
  6.400 0.110E+01 0.111E+01
  6.500 0.154E+01 0.154E+01
  6.600 0.791E+00 0.790E+00
  6.700 0.122E+01 0.121E+01
  6.800 0.146E+01 0.147E+01
  6.900 0.701E+00 0.699E+00
  7.000 0.185E+01 0.186E+01
  7.100 0.129E+01 0.129E+01
  7.200 0.106E+01 0.106E+01
  7.300 0.125E+01 0.125E+01
  7.400 0.132E+01 0.132E+01
  7.500 0.117E+01 0.117E+01
  7.600 0.136E+01 0.136E+01
  7.700 0.837E+00 0.839E+00
  7.800 0.603E+00 0.603E+00
  7.900 0.637E+00 0.637E+00
  8.000 0.461E+00 0.461E+00
  8.100 0.748E+00 0.748E+00
  8.200 0.269E+00 0.269E+00
  8.300 0.927E+00 0.925E+00
  8.400 0.616E+00 0.617E+00
  8.500 0.679E+00 0.680E+00
  8.600 0.512E+00 0.512E+00
  8.700 0.111E+00 0.111E+00
  8.800 0.716E-01 0.714E-01
  8.900 0.345E+00 0.344E+00
  9.000 0.113E+01 0.112E+01
  9.100 0.930E+00 0.930E+00
  9.200 0.112E+00 0.112E+00
  9.300 0.126E+01 0.126E+01
  9.400 0.998E+00 0.998E+00
  9.500 0.125E+01 0.125E+01
  9.600 0.834E+00 0.831E+00
  9.700 0.518E+00 0.519E+00
  9.800 0.101E+01 0.100E+01
  9.900 0.899E+00 0.900E+00
 10.000 0.325E+00 0.327E+00
 10.100 0.000E+00 0.000E+00
 10.200 0.000E+00 0.000E+00
 10.300 0.000E+00 0.000E+00
 10.400 0.000E+00 0.000E+00
 10.500 0.000E+00 0.000E+00
 10.600 0.000E+00 0.000E+00
 10.700 0.000E+00 0.000E+00
 10.800 0.000E+00 0.000E+00
 10.900 0.000E+00 0.000E+00
 11.000 0.000E+00 0.000E+00
 11.100 0.000E+00 0.000E+00
 11.200 0.000E+00 0.000E+00
 11.300 0.000E+00 0.000E+00
 11.400 0.000E+00 0.000E+00
 11.500 0.000E+00 0.000E+00
 11.600 0.000E+00 0.000E+00
 11.700 0.384E-01 0.821E-01
 11.800 0.924E+00 0.917E+00
 11.900 0.621E+00 0.612E+00
 12.000 0.512E+00 0.501E+00
 12.100 0.000E+00 0.000E+00
 12.200 0.000E+00 0.000E+00
 12.300 0.000E+00 0.000E+00
 12.400 0.271E+00 0.273E+00
 12.500 0.503E+00 0.503E+00
 12.600 0.595E+00 0.607E+00
 12.700 0.584E+00 0.578E+00
 12.800 0.331E+00 0.324E+00
 12.900 0.298E+00 0.298E+00
 13.000 0.394E+00 0.388E+00
 13.100 0.254E+00 0.258E+00
 13.200 0.678E-01 0.633E-01
 13.300 0.000E+00 0.000E+00
 13.400 0.736E+00 0.741E+00
 13.500 0.185E+01 0.185E+01
 13.600 0.243E+01 0.243E+01
 13.700 0.376E+01 0.376E+01
 13.800 0.468E+01 0.468E+01
 13.900 0.436E+01 0.436E+01
 14.000 0.367E+01 0.366E+01
 14.100 0.303E+01 0.303E+01
 14.200 0.333E+01 0.333E+01
 14.300 0.254E+01 0.254E+01
 14.400 0.173E+01 0.174E+01
 14.500 0.259E+01 0.259E+01
 14.600 0.449E+01 0.449E+01
 14.700 0.375E+01 0.375E+01
 14.800 0.342E+01 0.342E+01
 14.900 0.300E+01 0.300E+01
 15.000 0.270E+01 0.270E+01
 15.100 0.441E+01 0.441E+01
 15.200 0.527E+01 0.527E+01
 15.300 0.545E+01 0.545E+01
 15.400 0.102E+02 0.102E+02
 15.500 0.821E+01 0.822E+01
 15.600 0.749E+01 0.747E+01
 15.700 0.779E+01 0.777E+01
 15.800 0.778E+01 0.777E+01
 15.900 0.454E+01 0.454E+01
 16.000 0.275E+01 0.275E+01
 16.100 0.103E+01 0.103E+01
 16.200 0.000E+00 0.000E+00
 16.300 0.000E+00 0.000E+00
 16.400 0.000E+00 0.000E+00
 16.500 0.000E+00 0.000E+00
 16.600 0.000E+00 0.000E+00
 16.700 0.000E+00 0.000E+00
 16.800 0.000E+00 0.000E+00
 16.900 0.000E+00 0.000E+00
 17.000 0.000E+00 0.000E+00
 17.100 0.259E-03 0.255E-03
 17.200 0.658E-02 0.657E-02
 17.300 0.134E-01 0.134E-01
 17.400 0.164E-01 0.163E-01
 17.500 0.209E-01 0.208E-01
 17.600 0.251E-01 0.251E-01
 17.700 0.287E-01 0.287E-01
 17.800 0.319E-01 0.319E-01
 17.900 0.350E-01 0.349E-01
 18.000 0.382E-01 0.381E-01
 18.100 0.414E-01 0.414E-01
 18.200 0.446E-01 0.446E-01
 18.300 0.479E-01 0.479E-01
 18.400 0.512E-01 0.512E-01
 18.500 0.549E-01 0.549E-01
 18.600 0.589E-01 0.589E-01
 18.700 0.648E-01 0.647E-01
 18.800 0.750E-01 0.749E-01
 18.900 0.104E+00 0.104E+00
 19.000 0.106E+00 0.106E+00
 19.100 0.109E+00 0.109E+00
 19.200 0.125E+00 0.125E+00
 19.300 0.137E+00 0.137E+00
 19.400 0.121E+00 0.121E+00
 19.500 0.209E+00 0.209E+00
 19.600 0.153E+00 0.154E+00
 19.700 0.130E+00 0.130E+00
 19.800 0.193E+00 0.213E+00
 19.900 0.177E+00 0.176E+00
 20.000 0.215E+00 0.215E+00
 20.100 0.257E+00 0.257E+00
 20.200 0.960E-01 0.948E-01
 20.300 0.909E-01 0.908E-01
 20.400 0.109E+00 0.109E+00
 20.500 0.166E+00 0.166E+00
 20.600 0.321E+00 0.321E+00
 20.700 0.282E+00 0.282E+00
 20.800 0.222E+00 0.222E+00
 20.900 0.141E+00 0.141E+00
 21.000 0.265E+00 0.265E+00
 21.100 0.203E+00 0.203E+00
 21.200 0.304E+00 0.304E+00
 21.300 0.320E+00 0.321E+00
 21.400 0.375E+00 0.376E+00
 21.500 0.273E+00 0.273E+00
 21.600 0.369E+00 0.370E+00
 21.700 0.431E+00 0.431E+00
 21.800 0.275E+00 0.275E+00
 21.900 0.269E+00 0.269E+00
 22.000 0.247E+00 0.247E+00
 22.100 0.325E+00 0.325E+00
 22.200 0.210E+00 0.210E+00
 22.300 0.136E+00 0.137E+00
 22.400 0.243E+00 0.243E+00
 22.500 0.458E+00 0.458E+00
 22.600 0.287E+00 0.287E+00
 22.700 0.530E-01 0.529E-01
 22.800 0.883E-01 0.880E-01
 22.900 0.121E+00 0.121E+00
 23.000 0.190E+00 0.190E+00
 23.100 0.799E-01 0.800E-01
 23.200 0.236E+00 0.236E+00
 23.300 0.140E+00 0.140E+00
 23.400 0.840E-01 0.840E-01
 23.500 0.109E+00 0.109E+00
 23.600 0.129E+00 0.129E+00
 23.700 0.140E+00 0.140E+00
 23.800 0.152E+00 0.152E+00
 23.900 0.116E+00 0.116E+00
 24.000 0.852E-01 0.851E-01
 24.100 0.870E-01 0.868E-01
 24.200 0.986E-01 0.988E-01
 24.300 0.640E-01 0.640E-01
 24.400 0.650E-01 0.650E-01
 24.500 0.769E-01 0.769E-01
 24.600 0.593E-01 0.593E-01
 24.700 0.479E-01 0.479E-01
 24.800 0.514E-01 0.514E-01
 24.900 0.525E-01 0.525E-01
 25.000 0.523E-01 0.524E-01
 25.100 0.524E-01 0.524E-01
 25.200 0.452E-01 0.452E-01
 25.300 0.564E-01 0.565E-01
 25.400 0.365E-01 0.364E-01
 25.500 0.284E-01 0.284E-01
 25.600 0.243E-01 0.243E-01
 25.700 0.234E-01 0.233E-01
 25.800 0.360E-01 0.361E-01
 25.900 0.236E-01 0.236E-01
 26.000 0.339E-01 0.339E-01
 26.100 0.287E-01 0.287E-01
 26.200 0.259E-01 0.259E-01
 26.300 0.205E-01 0.205E-01
 26.400 0.187E-01 0.187E-01
 26.500 0.277E-01 0.277E-01
 26.600 0.339E-01 0.339E-01
 26.700 0.254E-01 0.253E-01
 26.800 0.292E-01 0.292E-01
 26.900 0.312E-01 0.312E-01
 27.000 0.354E-01 0.354E-01
 27.100 0.259E-01 0.259E-01
 27.200 0.184E-01 0.184E-01
 27.300 0.132E-01 0.132E-01
 27.400 0.109E-01 0.109E-01
 27.500 0.821E-02 0.821E-02
 27.600 0.103E-01 0.103E-01
 27.700 0.152E-01 0.152E-01
 27.800 0.160E-01 0.160E-01
 27.900 0.161E-01 0.161E-01
 28.000 0.153E-01 0.153E-01
 28.100 0.128E-01 0.128E-01
 28.200 0.127E-01 0.127E-01
 28.300 0.140E-01 0.142E-01
 28.400 0.117E-01 0.117E-01
 28.500 0.733E-02 0.732E-02
 28.600 0.744E-02 0.744E-02
 28.700 0.104E-01 0.104E-01
 28.800 0.116E-01 0.116E-01
 28.900 0.123E-01 0.123E-01
 29.000 0.136E-01 0.136E-01
 29.100 0.129E-01 0.129E-01
 29.200 0.150E-01 0.150E-01
 29.300 0.131E-01 0.131E-01
 29.400 0.122E-01 0.122E-01
 29.500 0.111E-01 0.111E-01
 29.600 0.106E-01 0.106E-01
 29.700 0.901E-02 0.899E-02
 29.800 0.143E-01 0.143E-01
 29.900 0.170E-01 0.170E-01
 30.000 0.122E-01 0.122E-01
